1st,2nd,3rd,4th,5th,6th,7th,8th,9th,10th,result
0.28667609,8.18E-04,0.005839905,0.247433418,0.009001637,0.030984972,0.056464812,0.025926201,0.111813718,0.225040917,3.48E-15
0.001070971,0.001227699,0.011676201,0.003892067,0.002403155,0.008881227,0.279157851,0.533265418,0.093305122,0.065120288,1.15E-18
0.048107524,0.005200045,0.006393499,0.009917027,0.648158672,0.113434872,0.028273471,0.029893158,0.031285519,0.079336213,2.45E-15
0.036859493,0.001149835,0.002753126,0.204832545,6.96E-04,0.004809872,0.042997344,0.00113364,0.51467254,0.190095226,3.82E-19
0.009158327,0.003395282,0.00571837,0.00102752,0.178207648,0.028815225,0.156272337,0.342744818,0.228064689,0.046595783,5.34E-16
0.004414309,0.002436699,0.009499594,0.002507328,0.002931101,0.009958682,0.137938341,0.659850973,0.070099234,0.100363739,4.79E-18
0.002442159,0.003984576,0.019151671,0.004241645,0.032647815,0.10218509,0.072107969,0.701928021,0.021979434,0.03933162,1.15E-16
0.016871382,0.001623606,0.012424114,0.005294367,0.075038825,0.039319497,0.151771848,0.409431032,0.071791614,0.216433715,5.13E-15
0.11087008,0.003904709,0.007651653,0.626686124,0.005206279,0.008006626,9.07E-04,0.024374852,0.030724935,0.181667587,1.07E-17
0.012482146,0.001117804,0.044712165,0.001552506,0.011053841,0.117990437,0.050052785,0.655964727,0.084580513,0.020493076,7.19E-17
0.064987406,0.064915437,0.002878733,0.114285714,0.019647355,0.004821878,0.109175963,0.224973012,0.046491544,0.347822958,5.22E-14
0.00796261,0.008481911,0.001731002,0.051930068,0.388436905,0.030292539,0.064047083,0.197680457,0.224510992,0.024926432,5.06E-15
0.153033519,0.003702424,0.00454164,0.107863948,0.027052377,0.02952066,0.263513847,0.168139409,0.059831169,0.182801007,1.07E-13
0.01727287,0.010228044,0.033606429,0.029014246,0.002661379,0.005479309,0.253926838,0.265824766,0.345092105,0.036894015,2.16E-15
0.091608494,0.005025401,0.004294434,0.478271993,6.21E-04,0.004458901,0.014381784,0.035488469,0.025236651,0.340612551,1.15E-17
0.006142796,0.015404243,0.023673392,8.98E-04,0.001370316,0.036100742,0.010915277,0.351651467,0.197609035,0.356234938,2.69E-17
0.004131489,0.021196336,0.014370397,0.026046345,0.013292617,0.020657446,0.395365547,0.277887552,0.081552003,0.145500269,1.17E-14
3.28E-04,2.87E-04,0.028783468,4.92E-04,2.05E-04,0.955266719,0.01000451,0.002460125,0.001640084,5.33E-04,5.62E-27
0.048257862,0.002505546,0.004280308,0.019365784,0.001513767,0.007177346,0.327730654,0.293775284,0.234529558,0.060863891,1.50E-16
0.013780125,7.59E-04,0.920824986,7.28E-04,0.001472106,0.015221878,0.016951982,0.011002853,0.018697262,5.62E-04,3.08E-22
0.003690709,0.003052809,0.017496697,0.001412494,0.002870552,0.035813551,0.255205723,0.591789311,0.074269832,0.014398323,4.62E-18
0.00910144,0.002895913,0.004137018,0.005957306,0.257984445,0.023415522,0.345689227,0.164487837,0.120552706,0.065778587,1.77E-15
0.010890455,0.001665599,0.007815503,0.009224856,0.013581038,0.00512492,0.069955157,0.819859065,0.03933376,0.022549648,4.63E-18
0.027302378,0.002052259,0.096053066,0.003774691,0.002308792,0.029427933,0.177667021,0.508007476,0.091105655,0.062300729,7.07E-16
0.044968153,0.007430998,0.011125265,0.020976645,0.007346072,0.084288747,0.298216561,0.022632696,0.354140127,0.148874735,1.72E-14
0.013809911,0.007311129,0.011372868,0.012997563,0.024370431,0.064987815,0.080422421,0.738424045,0.035743298,0.01056052,5.30E-16
0.002342319,0.002342319,0.018270091,0.002640433,0.003492185,0.050338572,0.147949406,0.638686598,0.057450705,0.076487373,1.93E-17
0.015351147,0.014571276,0.009317408,0.816771334,0.003242622,0.008824857,0.001026146,0.010671921,0.028116406,0.092106883,1.38E-18
0.011867778,0.008045951,0.011934828,0.038620566,0.001519791,0.005878014,0.200120689,0.315244843,0.115124153,0.291643386,8.33E-16
0.363443612,0.001443977,0.011752879,0.159203071,8.59E-04,0.099872053,0.068232499,0.024108938,0.044470846,0.226613051,1.40E-15
0.026027017,0.001148833,0.004159569,0.016044052,0.151170622,0.005427247,0.377807709,0.130531236,0.175177277,0.112506437,1.59E-15
0.014436017,9.79E-04,0.010398826,0.008115162,0.017902292,0.013865101,0.379618302,0.535641465,0.00415953,0.014884593,3.73E-18
0.00287494,0.005989459,0.002395783,0.002395783,0.022280786,0.019405846,0.078581696,0.809774796,0.042405367,0.013895544,1.60E-18
0.00253304,0.005286344,0.004955947,0.002312775,0.007709251,0.003524229,0.093612335,0.767400881,0.106057269,0.00660793,2.10E-19
0.682986385,0.00929854,0.002935083,0.052239542,0.001627861,0.005056235,0.019189029,0.067704223,0.093971981,0.064991121,6.36E-17
0.004381113,0.002566712,0.031066071,0.002920742,0.257423552,0.014293933,0.233261052,0.291631633,0.047572687,0.114882507,1.40E-15
0.101440643,0.007407959,0.016156051,0.074154041,0.011353907,0.023340654,0.025127499,0.284889997,0.291776793,0.164352455,8.19E-14
0.003022453,0.002806563,0.010794473,0.003022453,0.002590674,0.011658031,0.083981002,0.770725389,0.104490501,0.006908463,3.91E-19
0.011645888,0.00227119,0.003044361,0.003479269,0.335749493,0.029090558,0.214989852,0.283947038,0.019135981,0.096646371,3.09E-16
0.722354923,0.002250542,9.11E-04,0.049484308,3.18E-04,4.14E-04,0.112844657,0.012122551,0.082496859,0.016803126,1.83E-20
0.002922243,0.004192783,0.008216161,0.015881755,0.008597323,0.004912756,0.355920718,0.345375233,0.157970523,0.096010503,1.26E-16
0.001161238,0.011089822,0.002264414,0.006096499,0.0012193,0.029901875,0.112175579,0.792428729,0.029843814,0.013818731,2.38E-19
0.03522373,0.004129097,0.00219095,0.04284992,0.556627623,0.002907222,0.060377517,0.105629055,0.015378781,0.174686104,3.79E-16
0.174802372,0.002206851,5.60E-04,0.044565217,0.001218709,0.008465086,7.91E-04,0.007147563,0.73372859,0.026515152,1.09E-20
0.181494493,0.001993923,0.027535131,0.011441322,0.246724269,0.179263198,0.040020889,0.113131409,0.097607292,0.100788074,2.25E-13
0.65171504,0.014511873,0.021108179,0.015831135,0.011873351,0.179419525,0.011873351,0.007915567,0.014511873,0.071240106,6.54E-16
0.011285324,0.004810138,0.008602747,0.0052264,0.001896305,0.033902225,0.088895056,0.695203737,0.116599602,0.033578465,3.80E-17
0.45941227,0.028646681,9.77E-04,0.226865142,0.002752212,0.015743837,0.003077743,0.105116747,0.04480483,0.112603948,2.06E-16
0.037179487,0.023076923,0.042307692,0.028205128,0.075641026,0.042307692,0.1,0.548717949,0.058974359,0.043589744,4.62E-13
0.00872093,0.004069767,0.006976744,0.029651163,0.009883721,0.011046512,0.061046512,0.265116279,0.589534884,0.013953488,1.07E-16
0.315593639,0.001941906,0.001480194,0.214682437,0.001901167,0.006586184,0.013389644,0.052024063,0.165387906,0.22701286,6.38E-17
0.011688312,0.008441558,0.005194805,0.017532468,0.020779221,0.105194805,0.065584416,0.669480519,0.086363636,0.00974026,7.26E-16
0.355705885,0.001503294,0.026838219,0.009815625,0.005703674,0.024052704,0.042843878,0.044170314,0.48238051,0.006985896,1.23E-16
0.234716464,0.041853462,0.006483073,0.300097752,0.011460545,0.006775205,0.067145313,0.054201638,0.024415456,0.252851092,3.33E-14
0.068976719,0.001678397,0.055982675,0.035841906,0.043367623,0.063508392,0.327016784,0.038548998,0.00292366,0.362154846,8.54E-15
0.068712978,7.00E-04,0.006462036,0.007431341,0.037856758,0.061443188,0.125094238,0.673559505,0.002100162,0.016639742,1.58E-17
0.001229592,0.00307398,0.003347223,0.001297903,0.002732427,0.001366214,0.226791448,0.675251042,0.08374889,0.001161282,9.13E-22
0.478411694,8.51E-04,0.001330861,0.269270208,0.001309043,7.64E-04,0.043002073,0.01228319,0.045925603,0.146852842,5.19E-19
0.015667998,0.001997337,0.003994674,0.017177097,0.534975588,0.013271194,0.189658233,0.084509543,0.02099423,0.117754106,6.04E-16
0.010898099,0.002983056,0.045740196,0.030307851,0.002704638,0.005807016,0.16530109,0.200421605,0.074377536,0.461458913,8.05E-16
0.002674954,0.012194642,0.033594272,0.011643916,0.01223398,0.047126392,0.076747571,0.633767358,0.169230164,7.87E-04,4.76E-17
0.082079469,0.001596757,0.001995947,0.720076153,0.002149481,0.001658171,0.001934533,0.017103728,0.068936928,0.102468833,1.57E-19
0.006065017,0.006307618,0.006065017,0.006792819,0.258127123,0.013100437,0.27147016,0.341824357,0.061377972,0.028869481,8.76E-16
0.510255904,0.008774652,6.49E-04,0.040148972,6.49E-04,0.036706825,0.056597918,0.062974353,0.211945941,0.071297576,1.50E-16
0.028693529,0.00976801,0.02991453,0.004884005,0.318681319,0.045177045,0.095238095,0.411477411,0.042124542,0.014041514,1.37E-14
0.221769285,0.009483369,0.041500354,0.274989384,0.001330502,0.012342534,0.056786978,0.141146497,0.041217268,0.199433829,2.60E-14
0.006769231,0.006769231,0.002769231,0.001846154,0.02,0.043692308,0.078461538,0.7,0.109538462,0.030153846,3.71E-17
0.006485374,0.004741032,0.004249038,0.008632257,0.001610162,0.018651042,0.262948385,0.478933715,0.14902943,0.064719563,4.11E-17
0.006504262,0.00141397,0.264735588,0.003070335,0.016159657,0.030097362,0.377085606,0.027188624,0.268452309,0.005292288,5.30E-17
0.002070393,0.002300437,0.039222452,0.002875546,0.031515988,0.025534852,0.520128824,0.267080745,0.104669887,0.004600874,2.89E-17
0.135438656,0.008106054,0.00130879,0.086591235,0.003293085,0.056742379,0.06062653,0.508950435,0.093684033,0.045258803,3.04E-15
0.002426471,0.005955882,0.01125,0.004705882,0.018970588,0.012058824,0.397647059,0.388823529,0.094705882,0.063455882,1.63E-16
0.10509807,0.015524498,0.002263162,0.232629238,0.011633447,0.0069086,0.089891209,0.230405781,0.118756452,0.186889542,3.17E-14
0.027459954,0.003718535,0.006292906,0.00715103,0.423340961,0.05520595,0.092677346,0.327803204,0.046910755,0.009439359,1.44E-15
0.040120044,0.002263992,0.013347023,0.172405623,0.004949192,0.007687043,0.053440741,0.017058916,0.113647133,0.575080293,4.74E-16
0.004585403,0.003056935,0.008342886,0.003247994,8.92E-04,0.001783212,0.113998217,0.665775061,0.12851866,0.069800025,4.11E-19
0.049074168,0.005565112,0.005329016,0.10448919,0.271813552,0.003271611,0.074437586,0.063206179,0.269486323,0.153327262,2.63E-14
0.045692275,0.00332179,0.011449572,0.030496855,0.310516644,0.003003746,0.290550569,0.118064881,0.081631211,0.105272457,1.46E-14
0.786851844,0.002328579,0.01197555,0.006653083,0.006362011,0.070730592,0.072892844,0.003118633,0.017464344,0.021622521,5.64E-18
0.006586323,0.006866592,0.0117713,0.003223094,0.002522422,0.076933857,0.076933857,0.55815583,0.057455157,0.19955157,1.64E-16
0.019383147,0.004643435,0.002896822,0.024750788,0.300886087,0.006858652,0.234812985,0.160858823,0.129334583,0.115574678,7.52E-15
0.484613141,0.001567855,0.001349085,0.160212937,0.011740684,0.00415664,0.054729089,0.109057099,0.083570335,0.089003136,3.56E-16
0.229906347,0.001826103,0.001408708,0.590222524,9.91E-04,5.48E-04,6.52E-04,0.013930556,0.074009339,0.0865051,1.10E-20
0.006686867,0.010448229,0.010657194,0.00365688,0.005119632,0.047225995,0.097690941,0.639118169,0.138647999,0.040748093,2.32E-16
0.014857728,0.007054465,0.026602034,0.017498227,0.033459447,0.026010877,0.093481517,0.379246473,0.234019075,0.167770158,5.91E-14
0.00885481,0.009266662,0.033687041,0.017733847,0.004736294,0.002083485,0.193776195,0.059330862,0.66265717,0.007873634,2.90E-17
0.003303192,7.43E-04,0.024361039,0.001527726,0.007432181,0.018208844,0.218258392,0.628803832,0.04376729,0.053594285,3.98E-18
0.006525127,0.003116478,0.001460849,0.001655629,0.098558629,0.0193806,0.167705493,0.291098559,0.398714453,0.011784184,2.15E-17
0.001102536,0.002788767,0.013035865,0.003048187,0.00655036,0.003307607,0.150269148,0.678254102,0.118425319,0.023218108,7.42E-19
0.341261175,0.002593326,0.004811301,0.085682113,0.024363612,0.006824541,0.158636457,0.081246161,0.154985327,0.139595987,1.69E-14
0.013215411,0.004981193,0.344363119,0.046508082,0.004625394,0.017078378,0.223950391,0.288756735,0.047677137,0.00884416,2.27E-15
0.0204617,0.011542497,0.034365163,0.006295908,0.145330535,0.116998951,0.044858342,0.376705142,0.198058762,0.045383001,1.32E-13
0.010630374,0.026034261,0.006195409,0.032466653,8.80E-04,0.009411605,0.05955041,0.357573295,0.320197711,0.177060058,5.57E-16
0.011801439,0.001217189,0.003281118,0.002011008,0.00338696,0.007567739,0.202317951,0.663050381,0.036991956,0.068374259,8.24E-19
0.009117657,0.007113065,0.001584274,0.370299719,0.003136215,0.015163762,0.075172169,0.009376313,0.121536422,0.387500404,6.01E-17
0.072464306,0.001891341,0.008047469,0.221472279,0.011014278,0.062599666,0.002670128,0.028184684,0.002521788,0.589134063,1.88E-17
0.011600136,0.005458888,0.010917776,0.00716479,0.004094166,0.024906175,0.090071648,0.55646537,0.269191402,0.020129649,1.37E-16
0.290841727,0.002122651,0.008529196,0.047971904,0.005132955,0.002740149,0.012427154,0.007911698,0.50322257,0.119099996,2.09E-17
0.039302694,3.87E-04,0.004402183,0.004014791,0.797041733,0.026096144,0.036133122,0.050783589,0.023771791,0.018066561,4.41E-18
0.010414639,0.005158653,0.016351956,0.003309325,0.224547401,0.04876387,0.317889819,0.250243333,0.079326455,0.043994549,8.84E-15
0.003942706,0.002545291,0.006937166,0.005639567,0.002295753,0.005739382,0.170833957,0.680041922,0.107251585,0.014772671,9.52E-19
0.057631842,0.00975418,0.002250965,0.028726597,0.581534944,0.013898814,0.082678291,0.09872088,0.068743747,0.05605974,9.24E-15
0.051530858,0.003857281,7.23E-04,0.040621986,0.570214561,0.015911283,0.109148987,0.035619576,0.06002893,0.112343298,1.39E-15
0.338053864,0.011285984,0.001453264,0.41402554,0.001886151,0.003957824,0.003926904,0.006184101,0.014006988,0.205219381,1.20E-18
0.086270905,0.011455645,0.005904607,0.428349185,0.00183856,0.010041368,0.020330234,0.083018067,0.104267581,0.248523848,2.02E-15
0.137763578,0.005282215,0.014142705,0.015122471,0.009073482,0.078040469,0.344920128,0.161320554,0.148370607,0.085963791,7.82E-14
0.011298855,0.011042063,0.010117611,0.042165271,0.004519542,0.027528119,0.566586205,0.150172051,0.008474141,0.168096143,8.03E-16
0.104544336,0.040152572,0.003445164,0.180378968,0.267287343,0.011524895,0.041424001,0.114838816,0.051103273,0.185300632,3.62E-13
9.44E-04,0.001960784,0.076034858,0.00442992,0.005591866,0.001089325,0.309440813,0.425054466,0.160493827,0.014960058,1.20E-18
0.034749211,0.001051621,0.002148964,0.368821727,0.001005898,0.00189749,0.0114078,0.003406337,0.066480728,0.509030223,7.27E-20
0.005765495,0.0011907,0.004010779,0.001692047,0.381838691,0.016795137,0.110985774,0.374067807,0.051388106,0.052265463,3.33E-17
0.002257584,0.004449413,0.006290549,0.00550149,4.16E-04,0.001161669,0.221221287,0.004054883,0.749802735,0.004843942,5.48E-22
0.139489276,0.001543854,0.003922223,0.435533673,0.00454811,0.023074355,0.006759576,0.006634399,0.019694567,0.358799967,1.22E-17
0.010638298,0.00224924,0.009179331,0.005227964,0.011489362,0.024924012,0.14899696,0.572765957,0.144194529,0.070334347,2.85E-16
0.002644337,0.009381099,0.097336775,0.00314802,0.001259208,0.019077001,0.116476736,0.670968961,0.075300636,0.004407228,4.74E-18
7.96E-04,6.16E-04,0.656063057,4.88E-04,3.34E-04,0.072633444,0.160774346,0.105702329,0.002028293,5.65E-04,7.41E-23
0.006764069,0.009063853,0.004734848,0.007440476,0.005546537,0.040178571,0.106737013,0.765827922,0.033685065,0.020021645,2.65E-17
0.027817631,0.002829587,0.054519369,0.102223816,0.00274988,9.96E-04,0.103857803,0.00310856,0.297465328,0.404431691,4.67E-17
0.003661945,0.003565578,0.005782018,0.004240146,0.450708297,0.021971668,0.151970704,0.224438662,0.064180399,0.069480582,4.82E-16
8.79E-04,0.00324412,0.012638551,0.001757232,0.002230333,0.014936469,0.17018113,0.678696945,0.105163558,0.010273047,2.63E-19
0.014088323,0.004154249,0.007902104,0.004334869,0.085433035,0.004425178,0.368870225,0.199990969,0.259143863,0.051657184,7.48E-16
0.06975933,0.001743983,0.003418207,0.060690617,0.015765609,0.031112661,0.343425183,0.150261597,0.005929543,0.317893268,1.20E-15
0.009664582,0.007390563,0.006253553,0.010801592,0.216600341,0.007959068,0.008527572,0.354747015,0.371233655,0.006822058,6.37E-17
0.143582306,0.00282432,0.003396817,0.028739361,0.007862295,0.033319339,0.091714057,0.126445556,0.483760162,0.078355788,4.56E-15
0.663314347,0.001394328,0.001364661,0.152842055,0.005547644,0.002521657,0.049661801,0.007980301,0.011569954,0.103803251,1.28E-18
0.020216283,0.004924921,0.010986362,0.006302521,0.001722,0.007060201,0.00199752,0.018873123,0.040122606,0.887794462,1.13E-19
0.002029846,0.009435026,0.00436041,0.17140924,0.002292974,0.003533436,0.299101605,0.194151036,0.211367139,0.102319287,1.46E-16
0.490082943,0.01370357,0.005048684,0.062747926,0.012621709,0.01334295,0.006851785,0.016227912,0.369275153,0.010097367,1.49E-16
0.014356735,0.004367421,0.009710542,0.003112949,0.313896762,0.055986619,0.023788505,0.19797426,0.108023974,0.268782233,4.55E-15
0.020575725,0.001945461,0.007946714,0.156856926,0.001220035,0.019388664,0.08147855,0.006759653,0.323408184,0.380420088,8.00E-17
0.04854856,0.005795278,0.001737086,0.696174667,9.06E-04,0.003811107,0.066967662,0.012908346,0.053235697,0.109915617,5.94E-18
0.022890778,0.018237159,0.002867636,0.623207728,0.001987221,0.015394677,0.06062283,0.051567138,0.028047492,0.175177341,3.51E-16
0.114266364,0.009022302,0.102704272,0.152314837,0.02365633,0.006796962,0.018842823,0.128900392,0.095762179,0.34773354,2.10E-13
0.066922844,0.012521048,0.065929796,0.012521048,0.006044644,0.025517033,0.460126938,0.232287034,0.072665256,0.045464358,3.77E-14
0.044486438,0.00240148,0.546317074,0.001181056,7.87E-04,0.160584229,0.080351167,0.126254872,0.037045786,5.91E-04,1.93E-18
0.002138016,0.002319975,0.128462903,0.00304781,0.001000773,0.008870491,0.376927626,0.325706228,0.132147569,0.019378611,5.42E-18
0.004545214,0.005020876,0.062628825,0.011468738,0.003541039,0.021933302,0.276676708,0.378362666,0.107605306,0.128217325,1.84E-15
0.252024205,0.00140629,0.009971874,0.060214779,0.001278445,0.074746442,0.507287139,0.047515554,0.008395125,0.037160147,1.53E-16
0.060772774,0.015199591,0.00821392,0.686207779,0.00191914,0.008111566,0.002302968,0.020829069,0.010081883,0.18636131,7.30E-18
0.16526144,0.00197185,0.009655266,0.003909703,0.001869858,0.071020602,0.030189706,0.165703407,0.399027674,0.151390494,4.94E-16
0.064433902,0.015294201,5.31E-04,0.613077958,0.003327905,0.00261984,0.044749699,0.04956454,0.103696099,0.102704808,6.61E-17
0.099204632,0.13028893,0.024077481,0.392679364,0.00573531,0.010307326,0.022833027,0.091629694,0.09070988,0.132534358,1.82E-13
0.007611967,0.034342361,0.02496017,0.006195787,0.006195787,0.073818375,0.56133829,0.199858382,0.028323597,0.057355284,3.37E-15
0.456257269,0.002546289,0.006632926,0.159661752,0.052906227,0.060073559,0.072899312,0.036465374,0.031687152,0.120870139,3.98E-14
0.049238023,0.004283011,0.334539659,0.001560477,0.002124905,0.191507022,0.156877718,0.010458515,0.221654105,0.027756566,4.52E-16
0.301622985,0.009376028,0.026154184,0.061410242,0.004331615,0.008224586,0.370161202,0.043096831,0.03920386,0.136418467,1.38E-14
0.030399422,0.002964034,0.047316103,0.010627146,0.348888487,0.019808422,0.420892825,0.051147659,0.017964938,0.049990963,6.05E-15
0.339067435,0.275385473,0.007096415,0.135166264,0.001932008,0.030540591,9.66E-04,0.025004644,0.038825933,0.146015233,7.24E-16
0.110660625,0.007393275,0.078225614,0.087288338,0.005723825,0.096112569,0.062246601,0.032911996,0.255187217,0.26424994,4.25E-13
0.436728838,0.028079524,0.001516704,0.043861447,0.00143472,0.018979299,0.014265218,0.029473253,0.32523058,0.100430416,3.05E-16
0.0083061,0.002042484,0.368872549,0.017156863,0.002178649,0.024237473,0.166938998,0.01416122,0.386029412,0.010076253,5.21E-17
0.016369851,0.006296096,0.053067098,0.010793308,0.094801223,0.125562151,0.126281705,0.305450621,0.038855909,0.222522036,2.34E-13
0.007156944,0.037788663,0.04885807,0.011101215,0.001081494,0.562567593,0.06498505,0.077994783,0.00349895,0.184967237,2.93E-16
0.297506371,0.002366218,0.06934838,0.010079177,0.001319621,0.083682199,0.171368766,0.002525482,0.319553149,0.042250637,3.18E-16
0.009250658,0.027945502,0.092971048,0.001277288,0.002012695,0.024578108,0.25,0.471860969,0.016062858,0.104040873,2.99E-16
0.039981911,0.008991275,0.879256225,5.85E-04,0.001755693,0.027133433,6.65E-04,4.79E-04,0.017583528,0.023568844,1.16E-21
0.040006839,0.009873483,0.020046162,0.061249786,0.21743033,0.015344503,0.253376646,0.088818601,0.049367413,0.244486237,4.40E-13
0.004767959,0.005085823,0.014621742,0.00317864,0.003496503,0.003496503,0.162110617,0.710743802,0.085823268,0.006675143,9.09E-19
0.003466719,0.013470681,0.034270998,0.001683835,0.007131537,0.003466719,0.283478605,0.594492868,0.01703645,0.041501585,7.94E-18
0.039626809,0.012033099,0.012560578,0.116671612,0.004022022,0.063693008,0.212408928,0.267991956,0.076484357,0.194507632,1.52E-13
0.029585799,0.043392505,0.021696252,0.035502959,0.029585799,0.157790927,0.059171598,0.546351085,0.029585799,0.047337278,2.09E-13
0.026315789,0.029605263,0.023026316,0.032894737,0.049342105,0.036184211,0.095394737,0.572368421,0.108552632,0.026315789,1.64E-13
0.011032098,0.017851055,0.019093079,0.016000195,0.243777702,0.002264868,0.237177926,0.264210219,0.074618869,0.113973991,1.77E-14
0.00301398,0.006348596,0.008015904,0.003142234,0.002244453,0.078042837,0.115749647,0.651660895,0.127741439,0.004040015,3.29E-18
0.487310014,0.012217293,0.003272489,0.205621409,0.001236274,0.001418079,0.013671733,0.004690568,0.087011854,0.183550287,7.19E-18
0.075577422,0.003439479,0.024964694,0.411871896,0.00193613,0.005648945,0.037333151,9.79E-04,0.172361168,0.265887659,4.90E-17
0.013022182,0.001318702,0.001766119,0.275585174,0.004521264,0.008288984,0.212287477,0.024160505,0.111077097,0.347972496,6.21E-17
0.028170446,0.00437303,0.006254449,0.296196481,0.00681379,0.018763348,0.200447473,0.04164548,0.027560256,0.369775247,2.48E-15
0.024986849,8.77E-04,0.006224794,0.320708399,0.001753463,0.00832895,0.071628967,8.77E-04,0.355251622,0.209363493,2.98E-18
0.01384083,0.010380623,0.017301038,0.014994233,0.008073818,0.061130334,0.711649366,0.104959631,0.039215686,0.018454441,9.94E-16
0.009039548,0.025047081,0.004708098,0.025988701,0.008851224,0.197551789,0.29039548,0.220338983,0.030696798,0.187382298,1.78E-14
0.015070922,0.012411348,0.007978723,0.086879433,0.010638298,0.210106383,0.414007092,0.163120567,0.035460993,0.044326241,3.08E-14
0.004368658,0.027339346,0.020574972,0.002113867,0.001409245,0.038472379,0.535231116,0.051578354,0.254650507,0.064261556,1.27E-16
0.024229075,0.011013216,0.179295154,0.101321586,0.016740088,0.189427313,0.220264317,0.040088106,0.087665198,0.129955947,1.55E-12
0.016932595,0.014327581,0.023445132,0.021165744,0.024096386,0.07294041,0.023445132,0.765874308,0.022793878,0.014978834,1.30E-15
0.011928429,0.033797217,0.031809145,0.039761431,0.035785288,0.047713718,0.131212724,0.530815109,0.089463221,0.047713718,2.59E-13
0.001194947,0.001877774,0.122567429,0.001109594,0.001877774,0.099522021,0.050699898,0.707664732,0.008023216,0.005462615,8.97E-20
0.011933822,0.005153241,0.035801465,0.014646054,0.004882018,0.018714402,0.684296176,0.152698671,0.058584215,0.013289938,2.40E-16
0.00394124,0.007524185,0.183805088,0.006091007,0.00394124,0.031888212,0.204944464,0.020064493,0.529917592,0.007882479,7.17E-17
0.012486428,0.013572204,0.072204126,0.02660152,0.009229099,0.049402823,0.32844734,0.024972856,0.404451683,0.058631922,2.89E-14
0.012437811,0.375621891,0.014925373,0.019900498,0.054726368,0.251243781,0.094527363,0.104477612,0.047263682,0.024875622,2.22E-13
0.006310475,0.012200252,0.05384939,0.00252419,0.00504838,0.154396298,0.286074884,0.270088347,0.198990324,0.010517459,1.32E-15
0.005686434,0.003858652,0.167952884,0.004061738,0.012794476,0.057676686,0.50528026,0.11738424,0.092810723,0.032493907,1.98E-15
0.003526858,0.00759631,0.003255562,0.010037982,0.029842648,0.021975041,0.02712968,0.074064026,0.751220836,0.071351058,6.18E-17
0.001009637,6.88E-04,0.025516292,0.001376778,0.001239101,0.018219367,0.444699403,0.012161542,0.494079853,0.001009637,1.49E-21
0.003307276,0.006915213,0.036079375,0.004509922,0.002405292,0.008719182,0.039085989,0.009320505,0.884546001,0.005111245,1.29E-19
0.010342599,0.012281836,0.014221073,0.019392372,0.007756949,0.059469942,0.067226891,0.025210084,0.594053006,0.190045249,3.09E-15
6.41E-04,0.001388444,0.962191605,0.001815657,0.004272135,0.01740895,0.003097298,0.005233365,0.002136067,0.001815657,7.27E-24
0.096385542,0.020654045,0.012048193,0.061962134,0.17555938,0.077452668,0.094664372,0.108433735,0.027538726,0.325301205,1.86E-12
0.066889632,0.021181717,0.011148272,0.108138239,0.014492754,0.547380156,0.018952062,0.039018952,0.010033445,0.162764771,1.64E-14
0.110792308,0.00422833,0.053760193,0.002466526,0.007097554,0.093526628,0.278767744,0.196264975,0.108678144,0.144417598,3.54E-14
0.021370671,0.00559192,0.02163076,0.017512679,0.049633708,0.018336295,0.101131388,0.602150072,0.132992327,0.02965018,9.89E-15
0.010803882,0.022706464,0.063724593,0.006958433,0.002563633,0.021973997,0.561252518,0.035158396,0.213147775,0.061710309,1.59E-15
0.002048656,0.004481434,0.002816901,0.008450704,0.006402049,0.040460948,0.210883483,0.657106274,0.016005122,0.05134443,6.45E-18
0.002148907,0.001643282,0.899886234,0.001516875,0.002907344,0.058526103,0.002275313,0.02882063,0.001137656,0.001137656,6.96E-23
0.032219962,0.002427981,0.024804777,0.017586456,0.048887722,0.116871186,0.084388739,0.509088523,0.055581075,0.108143579,5.03E-14
0.068742418,0.008087343,0.019409624,0.034775576,0.006874242,0.012939749,0.051758997,0.004852406,0.665992721,0.126566923,7.07E-16
0.015364355,0.00570676,0.016022827,0.019973661,0.009438104,0.054214223,0.413081651,0.017339772,0.428665496,0.020193152,8.90E-16
0.003211517,0.018493909,0.008194906,0.005758583,0.011960133,0.088815061,0.089590255,0.659689922,0.10166113,0.012624585,2.26E-16
0.020377358,0.003471698,0.041056604,0.019622642,0.006943396,0.132528302,0.353207547,0.046188679,0.207245283,0.169358491,3.00E-14
0.069224071,7.74E-04,0.037635449,0.002080108,0.014802632,0.216524768,0.02307469,0.418682276,0.011803406,0.205398607,3.15E-16
0.001442201,0.003439095,0.003993787,0.006656312,0.004770357,0.105835367,0.092633681,0.503882849,0.206789439,0.070556911,4.53E-17
0.02042607,0.004387042,0.003790405,0.015302004,0.003965886,0.05724213,0.211595831,0.445969185,0.10585056,0.131470888,1.55E-15
0.011562959,0.003478687,0.01200392,0.019304263,0.011024008,0.067270946,0.241548261,0.546398824,0.017050465,0.070357668,1.09E-15
0.004221636,0.001385224,0.002176781,9.23E-04,0.001121372,0.101846966,0.009102902,0.875725594,0.00171504,0.001781003,3.27E-23
0.008962079,0.001988461,0.050859799,9.24E-04,0.00112026,0.070520361,0.182546351,0.619839803,0.012518904,0.050719767,4.75E-18
0.037654147,0.009460604,0.032806175,0.005742257,0.008754589,0.035394898,0.123081992,0.657582604,0.060764379,0.028758355,2.94E-15
0.011587486,0.00811124,0.012746234,0.005793743,0.044032445,0.020857474,0.560834299,0.155272306,0.140208575,0.040556199,3.16E-15
0.014897579,0.010242086,0.019553073,0.005586592,0.065642458,0.008845438,0.259310987,0.39990689,0.195065177,0.020949721,4.10E-15
0.004251299,0.010392064,0.009919698,0.02881436,0.042040624,0.019367029,0.425129901,0.215871516,0.136986301,0.107227208,1.39E-14
0.005139186,0.010563883,0.023126338,0.009992862,0.059671663,0.064382584,0.167594575,0.424982156,0.201998572,0.03254818,2.26E-14
0.005391954,0.008710079,0.005391954,0.004562422,0.073828287,0.054749067,0.518042306,0.116963915,0.175445873,0.036914144,1.83E-15
0.008709603,0.010314004,0.011689205,0.014210406,0.005959202,0.021086408,0.266559707,0.52440981,0.061654825,0.07540683,1.22E-15
0.002648599,0.003510933,0.00289498,0.027409917,0.001293502,8.62E-04,0.351832461,0.285802279,0.273052048,0.050692947,1.15E-18
0.006992355,0.003076636,0.083721798,0.0273168,0.003915719,0.007178818,0.309807943,0.039063957,0.305239605,0.21368637,1.09E-15
0.005454837,0.00401091,0.006577892,0.01155142,0.01556233,0.008824001,0.51419862,0.327611102,0.074923793,0.031285095,9.01E-17
0.018921302,0.011389522,0.037952825,0.01403483,0.004445587,0.011646704,0.366558895,0.288816225,0.131236682,0.114997428,9.50E-15
0.001875821,0.007268805,0.018101669,0.001313074,0.001031701,0.020165072,0.472097168,0.380041268,0.092853123,0.005252298,5.90E-19
0.005545287,0.009118916,0.013555145,0.014540974,0.006407887,0.030437461,0.294886014,0.466666667,0.125077018,0.033764633,1.13E-15
0.047497338,0.003887114,0.074121406,0.016187433,0.012619808,0.027050053,0.522523962,0.140681576,0.014376997,0.141054313,1.13E-14
0.006294919,0.034547708,0.00976456,0.007187113,0.003816605,0.00401487,0.114944238,0.377348203,0.238116481,0.203965304,4.93E-16
0.039420756,0.018969386,0.005716221,0.028581107,0.014777491,0.025109032,0.102172164,0.527586061,0.13037219,0.107295592,3.42E-14
0.013992537,0.016791045,0.021921642,0.013992537,0.079757463,0.154850746,0.489272388,0.154384328,0.02891791,0.026119403,5.08E-14
0.261137441,0.009478673,0.0492891,0.004739336,0.027725118,0.212322275,0.151421801,0.061848341,0.048341232,0.173696682,2.68E-13
0.046189376,0.038106236,0.050808314,0.019630485,0.008083141,0.133949192,0.203233256,0.013856813,0.47113164,0.015011547,3.79E-14
0.017730496,0.017730496,0.024822695,0.010638298,0.046099291,0.028368794,0.260638298,0.319148936,0.246453901,0.028368794,6.31E-14
0.162717436,0.020236954,0.056293658,0.083618682,0.007670182,0.020579373,0.248459115,0.12101082,0.129605533,0.149808245,1.43E-12
0.001306954,0.002028032,0.02438145,0.002343504,0.001171752,0.213934833,0.376582992,0.363468385,0.012709,0.002073099,1.37E-19
0.067518248,0.031021898,0.012773723,0.02189781,0.032846715,0.297445255,0.343065693,0.125912409,0.052919708,0.01459854,1.91E-13
0.177667623,0.00573963,0.019045134,0.00573963,0.003652492,0.008870337,0.032350639,0.003130707,0.738325072,0.005478737,1.48E-18
0.016293279,0.014256619,0.028513238,0.018329939,0.012219959,0.012219959,0.33808554,0.010183299,0.535641548,0.014256619,4.77E-16
0.027108434,0.025817556,0.036144578,0.024096386,0.021944923,0.063253012,0.404905336,0.066695353,0.176419966,0.153614458,6.19E-13
0.044241627,0.021734086,0.018794957,0.122051203,0.001469565,0.0292366,0.21014773,0.073323536,0.366230954,0.112769742,6.03E-14
0.017339397,0.009096077,0.065093803,0.012791359,0.018760659,0.440591245,0.251279136,0.071063104,0.03411029,0.079874929,5.28E-14
0.024096386,0.018932874,0.036144578,0.017211704,0.020654045,0.063683305,0.604130809,0.077452668,0.096385542,0.04130809,6.95E-14
0.033427306,0.010068466,0.003221909,0.073298429,0.012887636,0.092629883,0.161498188,0.037051953,0.297221104,0.278695127,4.70E-14
0.043501903,0.005347109,0.009697299,0.010784847,0.003625159,0.041508066,0.089813304,0.039876745,0.696302338,0.05954323,5.44E-16
0.016771488,0.018867925,0.012578616,0.025157233,0.05870021,0.073375262,0.14884696,0.36687631,0.253668763,0.025157233,1.50E-13
0.007583965,0.007042254,0.025460455,0.015709642,0.011375948,0.083423619,0.391115926,0.369447454,0.057421452,0.031419285,5.29E-15
0.008591707,0.014194994,0.024654464,0.005229735,0.00747105,0.011206575,0.507657826,0.352259993,0.059021292,0.009712365,1.35E-16
0.023060797,0.014675052,0.018867925,0.016771488,0.018867925,0.029350105,0.083857442,0.035639413,0.742138365,0.016771488,2.21E-15
0.019772615,0.003624979,0.097874444,0.009062449,0.003130664,0.564343384,0.083209754,0.082385896,0.096226726,0.040369089,2.99E-15
0.00407463,0.002787905,0.042033026,0.002358996,0.005790264,0.015440703,0.297233541,0.027450139,0.594467081,0.008363714,4.09E-18
9.10E-04,0.003049613,0.005006827,0.004233045,0.034865726,0.003777879,0.318434228,0.324078289,0.304551661,0.001092399,2.66E-19
0.031544598,0.003843365,0.088252357,0.003263234,0.01102248,0.582306019,0.068817984,0.064974619,0.112690355,0.033284989,3.76E-15
0.00306644,0.009540034,0.006473595,0.013458262,0.275809199,0.04923339,0.202214651,0.081942078,0.255025554,0.103236797,1.51E-14
0.012808497,0.027491409,0.013901906,0.006716651,0.011715089,0.014214308,0.62230553,0.095907529,0.006872852,0.188066229,4.22E-16
0.040562249,0.002811245,0.08768407,0.003614458,0.004551539,0.594645248,0.053012048,0.076572959,0.115261044,0.021285141,9.74E-16
0.034436792,0.004887803,0.233503666,0.006887358,0.009109087,0.093979116,0.345923128,0.176849589,0.027105088,0.067318374,2.59E-14
0.063541892,0.011257848,0.432885906,0.003572202,0.002381468,0.083459623,0.119614635,0.006386664,0.271920329,0.004979433,2.27E-16
0.027559055,0.015748031,0.092519685,0.017716535,0.029527559,0.082677165,0.488188976,0.025590551,0.181102362,0.039370079,1.55E-13
0.036813238,0.005391838,0.097657339,0.006507391,0.00613554,0.563911871,0.071813703,0.060146881,0.109324161,0.042298038,8.72E-15
0.024866785,0.017761989,0.103019538,0.01598579,0.01598579,0.056838366,0.428063943,0.134991119,0.179396092,0.023090586,1.58E-13
0.030542986,0.009049774,0.021493213,0.014705882,0.030542986,0.123303167,0.545248869,0.167420814,0.011312217,0.04638009,1.58E-14
0.024506218,0.019019751,0.087417703,0.031089978,0.108266277,0.098390636,0.352596928,0.112289685,0.02304316,0.143379663,1.77E-12
0.061985738,0.006582556,0.09928689,0.029621503,0.007131103,0.531541415,0.103675261,0.094349973,0.047723533,0.01810203,3.84E-14
0.03365171,0.005108841,0.067525544,0.011661484,0.008440693,0.592569969,0.081908041,0.060861839,0.099566859,0.03870502,1.30E-14
0.026124819,0.034833091,0.082728592,0.020319303,0.034833091,0.149492017,0.358490566,0.129172714,0.108853411,0.055152395,2.21E-12
0.020797227,0.00779896,0.039861352,0.081455806,0.011265165,0.175909879,0.363084922,0.228769497,0.02339688,0.047660312,9.67E-14
8.66E-04,0.028290993,0.011258661,0.016527136,0.003752887,0.088192841,0.446737875,0.09375,0.289549654,0.021073903,3.86E-16
0.018098205,0.010680908,0.076991544,0.010087524,0.023587005,0.60035603,0.075804777,0.056964842,0.072689512,0.054739653,3.65E-14
0.040151381,0.005085447,0.063449826,0.004434983,0.012477086,0.596889598,0.076518243,0.076518243,0.085447342,0.039027852,8.36E-15
0.019557022,0.019321395,0.040763431,0.00730443,0.009425071,0.649151744,0.104618285,0.046418473,0.09472196,0.00871819,2.76E-15
0.04377565,0.007352941,0.108926129,0.009062927,0.021887825,0.56002052,0.067202462,0.079001368,0.095246238,0.00752394,1.48E-14
0.040674965,0.003437321,0.053538878,0.008489141,0.006874642,0.568199573,0.114525285,0.065881985,0.107546482,0.030831728,6.21E-15
0.033749083,0.013939839,0.079970653,0.02567865,0.014673514,0.679383712,0.049889949,0.045487894,0.043286867,0.013939839,1.32E-14
0.024936693,0.007854414,0.083737499,0.005622559,0.007511052,0.591913816,0.060775141,0.083136615,0.077256535,0.057255676,9.16E-15
0.022082019,0.00388607,0.117039272,0.002880263,0.008869382,0.529054085,0.082293238,0.072280894,0.094271476,0.0673433,5.13E-15
0.035824176,0.002527473,0.088516484,0.008241758,0.006648352,0.572087912,0.083956044,0.05043956,0.108406593,0.043351648,5.00E-15
0.036640328,0.003570383,0.120924788,0.002868013,0.010242903,0.573719637,0.06022827,0.052911911,0.096868598,0.042025168,3.46E-15
0.04296875,0.005952381,0.115513393,0.013764881,0.020089286,0.562686012,0.092261905,0.047247024,0.029947917,0.069568452,4.17E-14
0.036353468,0.006551614,0.069990412,0.003275807,0.005592841,0.578938958,0.11233621,0.048338127,0.102988175,0.035634388,3.52E-15
0.014103325,0.002573238,0.041914093,0.008610451,0.003068092,0.029394299,0.702444576,0.107135788,0.062302059,0.028454078,1.58E-16
0.016233766,0.024350649,0.021103896,0.01461039,0.019480519,0.24512987,0.503246753,0.071428571,0.069805195,0.01461039,2.13E-14
7.33E-04,0.007017544,8.90E-04,0.003142184,0.088504844,0.297512438,0.195653312,0.391568473,0.009897879,0.005079864,1.46E-18
0.044877442,0.001243717,0.089547598,0.013939991,0.005130331,0.553713012,0.074415712,0.061719438,0.092605068,0.06280769,5.29E-15
0.089074326,0.006986222,0.077430623,0.007180283,0.004657481,0.501843586,0.0952843,0.116048904,0.067533476,0.0339608,2.05E-14
0.035778625,0.002848883,0.106288491,0.011814487,0.018978591,0.566006117,0.061125309,0.072520843,0.096862039,0.027776614,1.64E-14
0.042052542,0.004725005,0.069268569,0.011245511,0.008599509,0.592043092,0.071158571,0.115573616,0.066433566,0.018900019,8.14E-15
0.043793482,0.005712193,0.058659832,0.009740022,0.010984987,0.59414134,0.085170267,0.065324057,0.088758696,0.037715123,1.74E-14
0.042631886,0.008435533,0.163844008,0.016871066,0.007527091,0.498929336,0.080072675,0.068652261,0.058140289,0.054895854,6.55E-14
0.060876309,0.006203955,0.139201241,0.003877472,0.005040713,0.501357115,0.08685537,0.067080264,0.08414114,0.045366421,1.15E-14
0.167448044,0.153383248,0.02826954,0.058708278,0.004548317,0.054789728,0.298089707,0.023021482,0.186131131,0.025610524,3.47E-13
0.073854603,0.01481428,0.04249169,0.094955918,0.003035121,0.039095245,0.473478826,0.034542564,0.034470299,0.189261454,5.59E-14
0.039525692,0.011769873,0.050592885,0.005621432,0.00342556,0.062538428,0.48133509,0.084057971,0.204040404,0.057092666,1.34E-14
0.006385405,0.003420753,0.027251995,0.017103763,0.014595211,0.012542759,0.589509692,0.061003421,0.16659065,0.101596351,1.13E-15
0.005209209,0.006889598,0.122836498,0.002352546,0.006217442,0.01495547,0.516215762,0.070912452,0.235758696,0.018652327,1.55E-16
0.012100027,0.016402259,0.01048669,0.022586717,0.019091154,0.1048669,0.556063458,0.116966927,0.13605808,0.00537779,4.48E-15
0.001720487,0.00427916,0.009793542,0.00864655,0.001455797,0.062290454,0.509484736,0.029998235,0.349964708,0.022366331,6.76E-18
0.055405405,0.017567568,0.018918919,0.021621622,0.012162162,0.071621622,0.332432432,0.013513514,0.404054054,0.052702703,3.32E-14
0.032653061,0.012244898,0.055102041,0.028571429,0.02244898,0.036734694,0.204081633,0.083673469,0.483673469,0.040816327,1.75E-13
0.029988893,0.007589782,0.015087005,0.036560533,0.007497223,0.004535357,0.420677527,0.162717512,0.22260274,0.092743428,6.03E-15
0.063492063,0.023809524,0.073015873,0.022222222,0.026984127,0.050793651,0.407936508,0.031746032,0.096825397,0.203174603,8.57E-13
0.04883472,0.016964506,0.025199704,0.02421148,0.008070493,0.055175821,0.118710368,0.115663345,0.076299102,0.51087046,1.20E-13
0.023144997,0.033356025,0.063989108,0.076923077,0.007488087,0.079646018,0.162695711,0.040844112,0.055139551,0.456773315,3.79E-13
0.102789646,0.003183379,0.058012901,0.103166625,0.005026389,0.02039876,0.148110916,0.028692301,0.083521823,0.447097261,3.19E-14
0.073701843,0.025125628,0.025125628,0.018425461,0.020100503,0.025125628,0.232830821,0.092127303,0.398659966,0.088777219,3.29E-13
0.228253432,0.013456188,0.003010537,0.249372805,0.003466679,0.035761529,0.036354514,0.042375587,0.24508507,0.142863659,1.54E-14
0.029580937,0.015612161,0.013968776,0.022185703,0.029580937,0.057518488,0.433853739,0.276088743,0.064913722,0.056696795,1.07E-13
0.025533317,0.004200642,0.078494358,0.002635697,0.002800428,0.612964336,0.095296928,0.063833292,0.096779507,0.017461494,3.92E-16
0.296140123,0.20759001,0.076548816,0.028219267,0.003243594,0.026273111,0.003243594,0.003243594,0.00518975,0.350308141,2.16E-16
0.046422629,0.007321131,0.111980033,0.006322795,0.016805324,0.461064892,0.075540765,0.067054908,0.160898502,0.046589018,7.08E-14
0.010939511,0.02960103,0.017374517,0.355855856,0.017374517,0.055984556,0.038610039,0.106821107,0.171171171,0.196267696,2.70E-13
0.02771386,0.002368706,0.001116676,0.220594207,0.002537899,0.022705739,0.12347726,0.005617217,0.075155658,0.518712777,2.52E-17
0.040129631,0.008642074,0.063655277,0.012202929,0.00604145,0.591021845,0.065815796,0.084740338,0.086620789,0.041129871,1.91E-14
0.072328767,0.019178082,0.007671233,0.010410959,0.008219178,0.588493151,0.068493151,0.08,0.11890411,0.02630137,9.18E-15
0.027069044,0.006492913,0.003292181,0.156378601,0.006035665,0.042981253,0.056149977,0.022130773,0.170736168,0.508733425,2.53E-15
0.048654721,0.006666544,0.276827314,0.012099225,0.006500801,0.022706764,0.198559879,0.002615053,0.379698348,0.04567135,1.44E-15
0.046923225,0.002748843,0.078559028,0.014322917,0.004581404,0.552565586,0.093074846,0.072096836,0.095727238,0.039400077,9.30E-15
0.03697697,0.00518975,0.033733377,0.04768083,0.021732079,0.017515407,0.304573467,0.014596173,0.367499189,0.150502757,2.89E-14
0.063656319,0.009720916,0.071854141,0.02486225,0.014245397,0.033149666,0.383819379,0.095506876,0.114276755,0.188908301,4.13E-13
0.028979331,0.006285958,0.052205412,0.004687833,0.015661624,0.533240997,0.127636906,0.08544641,0.109950991,0.035904539,1.60E-14
0.049849356,0.033963298,0.011914544,0.034100247,0.037797864,0.096685839,0.214735689,0.099287866,0.056285949,0.365379348,1.10E-12
